0,332
65,69
65,68
65,67
65,66
65,65
65,64
65,37
65,36
65,35
65,34
65,33
65,32
65,31
65,30
65,29
65,28
65,27
65,26
65,25
65,24
65,23
65,22
65,21
65,20
65,19
65,18
65,17
65,16
65,15
65,14
65,13
65,12
65,11
65,10
65,9
65,8
65,7
65,6
65,5
65,4
65,3
65,2
65,1
65,0
64,4
64,3
64,1
64,0
63,4
63,3
63,1
63,0
62,6
62,5
62,4
62,3
62,1
62,0
61,5
61,4
61,3
61,1
61,0
58,3
58,1
58,0
57,3
57,1
57,0
55,254
55,237
55,225
55,206
55,117
55,64
55,42
55,18
55,11
55,6
55,5
55,4
55,3
55,1
55,0
39,3
39,1
39,0
4,3
4,1
4,0
2,6
2,5
2,4
2,3
2,1
2,0
1,3
1,1
1,0
0,419
0,416
0,414
0,412
0,408
0,376
0,375
0,322
0,243
0,9
0,310
0,305
0,308
0,304
0,303
0,302
0,307
0,12
0,373
0,10
0,8
0,0
0,398
0,300
0,301
0,299
0,396
0,298
0,395
0,297
0,403
0,296
0,434
0,295
0,402
0,294
0,325
0,293
0,428
0,292
0,291
0,418
0,290
0,417
0,289
0,335
0,288
0,415
0,287
0,286
0,427
0,285
0,336
0,284
0,425
0,283
0,378
0,282
0,437
0,281
0,423
0,280
0,422
0,279
0,421
0,278
0,436
0,277
0,435
0,276
0,377
0,275
0,343
0,274
65,70
65,71
65,73
65,74
65,76
65,77
65,79
65,83
65,84
65,92
65,97
65,101
65,104
65,105
65,108
65,111
65,116
65,117
65,124
65,130
65,132
65,136
65,139
65,144
65,149
65,152
65,157
65,160
65,165
65,166
65,169
65,172
65,173
65,175
65,177
65,179
65,182
65,183
65,186
65,187
65,190
65,191
65,194
65,196
65,197
65,200
65,202
65,204
65,207
65,208
65,210
65,212
65,215
65,217
65,218
65,221
65,222
67,3
67,1
69,0
69,1
69,4
70,1
70,3
70,6
70,13
70,17
70,25
70,29
70,66
70,70
70,75
71,0
71,1
72,1
72,3
72,6
72,8
72,10
72,13
72,15
72,18
72,22
72,26
72,31
72,32
72,35
72,38
72,42
72,45
72,46
72,48
72,49
72,52
72,55
72,56
72,58
72,59
72,61
72,62
72,64
72,67
72,68
72,71
72,72
72,75
72,77
72,79
72,83
72,84
72,88
72,96
72,99
72,101
72,128
72,130
72,131
72,133
72,135
72,136
72,138
72,139
72,141
72,142
72,144
72,146
72,147
72,149
72,150
72,152
72,154
72,155
72,157
72,158
72,160
72,161
72,196
72,258
73,0
73,3
73,5
73,8
73,10
73,11
73,13
73,14
73,16
73,18
73,20
73,22
73,23
73,26
73,27
73,32
73,35
73,36
73,41
73,42
73,44
73,48
73,49
73,52
73,56
73,59
73,61
73,65
73,68
73,69
73,72
73,73
73,75
73,78
73,79
73,82
73,83
73,86
73,87
73,90
73,92
73,93
73,96
73,98
73,100
73,103
73,104
73,107
73,108
73,110
73,113
73,115
73,117
73,118
73,121
73,122
73,125
73,128
73,129
73,131
73,133
73,135
73,138
73,139
73,142
73,143
73,146
73,147
73,150
73,152
73,153
73,156
73,158
73,160
73,163
73,164
73,166
73,168
73,170
73,172
73,175
73,177
73,178
73,181
73,182
73,185
73,188
73,189
73,191
73,193
73,198
73,201
73,206
73,211
73,212
73,218
73,220
73,225
73,231
73,232
73,237
73,240
73,245
73,250
73,253
73,258
73,261
73,265
73,267
73,272
73,278
73,280
73,284
73,288
73,292
73,298
73,301
73,305
73,308
73,314
73,315
73,322
73,326
73,328
73,334
73,336
73,341
73,345
73,349
73,353
73,356
73,361
73,364
73,369
73,374
73,375
73,382
73,383
73,387
73,392
73,395
73,400
73,401
73,407
73,412
73,414
73,419
73,422
73,427
73,428
73,432
73,439
73,440
73,445
73,448
73,452
73,457
73,460
73,465
73,468
73,473
73,475
73,479
73,486
73,487
73,492
73,495
73,500
73,505
73,508
73,512
73,515
73,519
73,520
73,527
73,531
73,533
73,539
73,540
73,544
73,549
73,551
73,557
73,559
73,563
73,570
73,571
73,576
73,579
73,584
73,587
73,591
73,594
73,595
73,598
73,600
73,603
73,606
73,608
73,611
73,613
73,616
73,618
73,621
73,624
73,625
73,629
73,630
73,633
73,637
73,638
73,641
73,643
73,646
73,647
73,651
73,654
73,655
73,659
73,660
73,663
73,667
73,668
73,671
73,673
73,676
73,678
73,681
73,684
73,686
73,689
73,690
73,693
73,697
73,698
73,701
73,703
73,707
73,710
73,712
73,715
73,716
73,719
73,721
73,724
73,727
73,729
73,732
73,734
73,737
73,740
73,742
73,745
73,747
73,750
73,752
73,755
73,758
73,760
73,763
73,765
73,768
73,771
73,773
73,776
73,777
73,780
73,782
73,785
73,788
73,790
73,793
73,795
73,798
73,801
73,803
73,806
73,807
73,811
73,814
73,815
73,819
73,820
73,823
73,825
73,828
73,831
73,832
73,835
73,837
73,840
73,843
73,845
73,848
73,849
73,853
73,854
73,857
73,860
73,862
73,865
73,867
73,870
73,873
73,875
73,878
73,879
73,883
73,884
73,887
73,891
73,892
73,895
73,896
73,899
73,903
73,904
73,908
73,909
73,912
73,914
73,918
73,921
73,922
73,926
73,927
73,930
73,932
73,934
73,937
73,940
73,943
73,946
73,948
73,950
73,951
73,954
73,955
73,958
73,961
73,963
73,966
73,968
73,971
73,974
73,976
73,979
73,980
73,984
73,985
73,988
73,992
73,993
73,996
73,998
73,1001
73,1004
73,1006
73,1009
73,1011
73,1014
73,1015
73,1018
73,1022
73,1023
73,1025
73,1027
73,1030
73,1033
73,1035
73,1038
73,1040
73,1043
73,1046
73,1048
73,1051
73,1052
73,1055
73,1057
73,1060
73,1063
73,1065
73,1068
73,1070
73,1073
73,1076
73,1078
73,1081
73,1082
73,1086
73,1087
73,1089
73,1092
73,1094
73,1097
73,1099
73,1102
73,1105
73,1107
73,1110
73,1111
73,1115
73,1116
73,1119
73,1123
73,1124
73,1127
73,1129
73,1132
73,1135
73,1137
73,1140
73,1142
73,1145
73,1146
73,1149
73,1152
73,1154
73,1157
73,1159
73,1162
73,1165
73,1167
73,1170
73,1171
73,1175
73,1178
73,1179
73,1182
73,1184
73,1187
73,1189
73,1192
73,1195
73,1197
73,1200
73,1201
73,1205
73,1208
73,1209
73,1213
73,1214
73,1217
73,1218
73,1221
73,1225
73,1226
73,1229
73,1231
73,1234
73,1237
73,1239
73,1242
73,1244
73,1247
73,1248
73,1252
73,1255
73,1256
73,1259
73,1261
73,1264
73,1267
73,1269
73,1272
73,1274
73,1277
73,1280
73,1281
73,1284
73,1286
73,1289
73,1291
73,1294
73,1298
73,1299
73,1302
73,1304
73,1307
73,1311
73,1312
73,1315
73,1317
73,1320
73,1321
73,1325
73,1328
73,1329
73,1333
73,1334
73,1338
73,1341
73,1343
73,1346
73,1347
73,1350
73,1352
73,1355
73,1358
73,1360
73,1363
73,1365
73,1368
73,1371
73,1373
73,1376
73,1377
73,1381
73,1384
73,1385
73,1389
73,1390
73,1393
73,1395
73,1398
73,1401
73,1403
73,1406
73,1408
73,1411
73,1415
73,1416
73,1419
73,1421
73,1424
73,1426
73,1429
73,1432
73,1434
73,1437
73,1438
73,1442
73,1445
73,1446
73,1450
73,1451
73,1454
73,1456
73,1459
73,1462
73,1464
73,1467
73,1468
73,1471
73,1474
73,1475
73,1478
73,1480
73,1483
73,1485
73,1488
73,1491
73,1493
73,1496
73,1497
73,1501
73,1504
73,1505
73,1509
73,1510
73,1513
73,1516
73,1518
73,1521
73,1523
73,1526
73,1528
73,1531
73,1534
73,1535
73,1537
73,1539
73,1542
73,1545
73,1547
73,1550
73,1551
73,1555
73,1556
73,1559
73,1563
73,1564
73,1567
73,1569
73,1572
73,1575
73,1577
73,1580
73,1582
73,1585
73,1586
73,1589
73,1593
73,1594
73,1597
73,1599
73,1601
73,1605
73,1606
73,1609
73,1611
73,1614
73,1617
73,1619
73,1622
73,1624
73,1627
73,1628
73,1632
73,1635
73,1636
73,1640
73,1641
73,1644
73,1647
73,1649
73,1652
73,1654
73,1657
73,1659
73,1662
73,1664
73,1666
73,1669
73,1670
73,1673
73,1677
73,1678
73,1681
73,1683
73,1686
73,1688
73,1691
73,1694
73,1696
73,1699
73,1700
73,1704
73,1707
73,1708
73,1712
73,1713
73,1716
73,1718
73,1721
73,1724
73,1726
73,1730
73,1731
73,1735
73,1738
73,1739
73,1743
73,1744
73,1747
73,1751
73,1753
73,1756
73,1757
73,1761
73,1762
73,1766
73,1769
73,1770
73,1793
73,1795
73,1798
73,1801
73,1803
73,1806
73,1808
73,1811
73,1812
73,1815
73,1819
73,1820
73,1823
73,1825
73,1828
73,1831
73,1833
73,1836
73,1838
73,1841
73,1842
73,1846
73,1849
73,1850
73,1854
73,1855
73,1857
73,1860
73,1862
73,1864
73,1865
73,1870
73,1872
73,1873
73,1877
73,1878
73,1883
73,1884
73,1886
73,1890
73,1891
73,1895
73,1897
73,1900
73,1903
73,1904
73,1907
73,1908
73,1910
73,1911
73,1916
73,1918
73,1920
73,1922
73,1924
73,1927
73,1930
73,1932
73,1935
73,1937
73,1940
73,1941
73,1945
73,1948
73,1949
73,1953
73,1954
73,1957
73,1960
73,1962
73,1965
73,1967
73,1970
73,1972
73,1975
73,1978
73,1979
73,1983
73,1984
73,1987
73,1990
73,1992
73,1995
73,1997
73,2000
73,2003
73,2005
73,2008
73,2009
73,2013
73,2014
73,2017
73,2020
73,2022
73,2025
73,2027
73,2030
73,2033
73,2035
73,2038
73,2039
73,2043
73,2044
73,2047
73,2049
73,2051
73,2054
73,2056
73,2059
73,2062
73,2064
73,2067
73,2068
73,2071
73,2073
73,2076
73,2079
73,2081
73,2084
73,2086
73,2089
73,2092
73,2094
73,2097
73,2098
73,2102
73,2105
73,2106
73,2110
73,2111
73,2114
73,2115
73,2118
73,2121
73,2123
73,2126
73,2128
73,2131
73,2134
73,2136
73,2139
73,2141
73,2144
73,2145
73,2148
73,2152
73,2153
73,2156
73,2158
73,2161
73,2164
73,2166
73,2169
73,2171
73,2174
73,2175
73,2177
73,2180
73,2182
73,2185
73,2186
73,2190
73,2193
73,2194
73,2197
73,2199
73,2202
73,2205
73,2207
73,2210
73,2212
73,2215
73,2217
73,2220
73,2223
73,2224
73,2228
73,2229
73,2232
73,2236
73,2237
73,2240
73,2241
73,2244
73,2246
73,2249
73,2252
73,2254
73,2257
73,2304
73,2496
73,2688
73,2752
73,2880
73,2944
73,3072
73,3200
73,3328
73,3456
73,3584
73,3712
73,3776
73,3968
73,4096
73,4160
73,4222
73,4224
73,4416
73,4480
73,4608
73,4736
73,4864
73,4992
73,5056
73,5312
73,5568
73,5632
73,5760
73,5824
73,5952
73,6080
73,6144
73,6272
73,6336
73,6528
73,6592
73,6784
73,6912
73,6976
73,7104
73,7168
73,7296
73,7479
73,7481
73,7485
73,7488
73,7616
73,7678
73,7680
73,7808
73,7872
73,8000
73,8064
73,8088
73,8093
73,8094
73,8101
73,8102
73,8107
73,8110
73,8115
73,8120
73,8123
73,8128
73,8131
73,8135
73,8140
73,8143
73,8148
73,8150
73,8154
73,8161
73,8162
73,8167
73,8170
73,8175
73,8178
73,8183
73,8188
73,8191
73,8196
73,8197
73,8204
73,8208
73,8210
73,8215
73,8218
73,8223
73,8226
73,8231
73,8235
73,8239
73,8243
73,8245
73,8251
73,8256
73,8258
73,8264
73,8265
73,8270
73,8273
73,8278
73,8283
73,8286
73,8291
73,8294
73,8299
73,8303
73,8307
73,8311
73,8313
73,8318
73,8320
73,8324
73,8328
73,8329
73,8333
73,8334
73,8337
73,8340
73,8342
73,8345
73,8347
73,8350
73,8353
73,8355
73,8358
73,8360
73,8363
73,8364
73,8367
73,8371
73,8372
73,8375
73,8377
73,8380
73,8383
73,8384
73,8386
73,8388
73,8391
73,8393
73,8396
73,8399
73,8401
73,8404
73,8405
73,8409
73,8412
73,8413
73,8417
73,8418
73,8421
73,8423
73,8426
73,8429
73,8431
73,8434
73,8436
73,8439
73,8442
73,8444
73,8447
73,8448
73,8451
73,8455
73,8456
73,8459
73,8461
73,8464
73,8466
73,8469
73,8472
73,8474
73,8477
73,8478
73,8482
73,8485
73,8486
73,8489
73,8491
73,8494
73,8496
73,8499
73,8502
73,8504
73,8507
73,8509
73,8512
73,8515
73,8516
73,8520
73,8521
73,8524
73,8526
73,8529
73,8532
73,8534
73,8537
73,8539
73,8542
73,8545
73,8547
73,8550
73,8551
73,8554
73,8556
73,8559
73,8562
73,8564
73,8567
73,8569
73,8572
73,8575
73,8576
73,8578
73,8580
73,8583
73,8585
73,8586
73,8589
73,8591
73,8594
73,8596
73,8599
73,8602
73,8604
73,8607
73,8608
73,8612
73,8615
73,8616
73,8619
73,8621
73,8624
73,8626
73,8629
73,8632
73,8634
73,8637
73,8638
73,8642
73,8645
73,8646
73,8650
73,8651
73,8654
73,8656
73,8659
73,8662
73,8664
73,8667
73,8669
73,8672
73,8675
73,8677
73,8680
73,8681
73,8684
73,8688
73,8689
73,8692
73,8694
73,8697
73,8699
73,8702
73,8704
73,8705
73,8708
73,8710
73,8713
73,8716
73,8718
73,8721
73,8723
73,8726
73,8727
73,8730
73,8734
73,8735
73,8738
73,8740
73,8743
73,8746
73,8748
73,8751
73,8753
73,8756
73,8757
73,8761
73,8764
73,8765
73,8768
73,8770
73,8773
73,8776
73,8778
73,8781
73,8783
73,8786
73,8789
73,8791
73,8794
73,8795
73,8799
73,8800
73,8803
73,8807
73,8808
73,8811
73,8813
73,8816
73,8819
73,8821
73,8824
73,8826
73,8829
73,8830
73,8833
73,8837
73,8838
73,8841
73,8843
73,8846
73,8849
73,8851
73,8854
73,8856
73,8859
73,8860
73,8864
73,8867
73,8868
73,8872
73,8873
73,8876
73,8879
73,8881
73,8884
73,8886
73,8889
73,8891
73,8894
73,8896
73,8897
73,8900
73,8902
73,8905
73,8908
73,8910
73,8913
73,8914
73,8917
73,8921
73,8922
73,8925
73,8927
73,8930
73,8932
73,8935
73,8938
73,8940
73,8943
73,8944
73,8948
73,8951
73,8952
73,8956
73,8957
73,8960
73,8962
73,8965
73,8968
73,8970
73,8973
73,8975
73,8978
73,8981
73,8982
73,8986
73,8987
73,8990
73,8992
73,8995
73,8998
73,9000
73,9003
73,9005
73,9008
73,9011
73,9013
73,9016
73,9017
73,9021
73,9024
73,9025
73,9028
73,9030
73,9033
73,9035
73,9038
73,9041
73,9043
73,9046
73,9047
73,9051
73,9054
73,9055
73,9059
73,9060
73,9063
73,9065
73,9068
73,9071
73,9073
73,9076
73,9078
73,9081
73,9084
73,9085
73,9088
73,9089
73,9092
73,9093
73,9097
73,9100
73,9101
73,9105
73,9106
73,9109
73,9112
73,9114
73,9117
73,9119
73,9122
73,9124
73,9127
73,9130
73,9131
73,9135
73,9136
73,9139
73,9143
73,9144
73,9147
73,9149
73,9152
73,9155
73,9157
73,9160
73,9162
73,9165
73,9166
73,9170
73,9173
73,9174
73,9177
73,9179
73,9182
73,9185
73,9187
73,9190
73,9192
73,9195
73,9196
73,9200
73,9203
73,9204
73,9208
73,9209
73,9212
73,9215
73,9216
73,9219
73,9220
73,9223
73,9225
73,9228
73,9231
73,9233
73,9236
73,9238
73,9241
73,9244
73,9246
73,9249
73,9250
73,9254
73,9257
73,9258
73,9261
73,9263
73,9266
73,9268
73,9271
73,9274
73,9276
73,9279
73,9280
73,9284
73,9287
73,9288
73,9292
73,9293
73,9296
73,9298
73,9301
73,9304
73,9306
73,9309
73,9311
73,9314
73,9317
73,9319
73,9322
73,9323
73,9326
73,9328
73,9331
73,9334
73,9336
73,9339
73,9341
73,9344
73,9347
73,9349
73,9352
73,9353
73,9357
73,9358
73,9361
73,9364
73,9366
73,9369
73,9371
73,9374
73,9377
73,9379
73,9382
73,9384
73,9387
73,9390
73,9391
73,9395
73,9396
73,9399
73,9401
73,9404
73,9407
73,9408
73,9410
73,9412
73,9415
73,9418
73,9420
73,9423
73,9425
73,9428
73,9429
73,9433
73,9436
73,9437
73,9441
73,9442
73,9445
73,9448
73,9450
73,9453
73,9455
73,9458
73,9460
73,9463
73,9466
73,9468
73,9471
73,9472
73,9475
73,9479
73,9480
73,9483
73,9485
73,9488
73,9491
73,9493
73,9496
73,9498
73,9501
73,9502
73,9506
73,9509
73,9510
73,9513
73,9515
73,9518
73,9521
73,9523
73,9526
73,9528
73,9531
73,9533
73,9536
73,9539
73,9540
73,9542
73,9544
73,9547
73,9550
73,9552
73,9555
73,9556
73,9559
73,9561
73,9564
73,9567
73,9569
73,9572
73,9574
73,9577
73,9580
73,9582
73,9585
73,9586
73,9590
73,9593
73,9594
73,9597
73,9599
73,9601
73,9602
73,9605
73,9609
73,9610
73,9613
73,9615
73,9618
73,9621
73,9623
73,9626
73,9628
73,9631
73,9632
73,9636
73,9639
73,9640
73,9643
73,9645
73,9648
73,9651
73,9653
73,9656
73,9658
73,9661
73,9662
73,9666
73,9669
73,9670
73,9674
73,9675
73,9678
73,9682
73,9683
73,9686
73,9688
73,9691
73,9693
73,9696
73,9699
73,9701
73,9704
73,9705
73,9708
73,9712
73,9713
73,9716
73,9718
73,9721
73,9724
73,9726
73,9729
73,9731
73,9734
73,9735
73,9739
73,9742
73,9743
73,9747
73,9748
73,9751
73,9754
73,9756
73,9759
73,9761
73,9764
73,9766
73,9769
73,9772
73,9773
73,9777
73,9778
73,9781
73,9785
73,9786
73,9789
73,9791
73,9794
73,9796
73,9799
73,9802
73,9804
73,9807
73,9808
73,9811
73,9815
73,9816
73,9819
73,9821
73,9824
73,9827
73,9829
73,9832
73,9834
73,9837
73,9838
73,9842
73,9845
73,9846
73,9850
73,9851
73,9854
73,9857
73,9859
73,9862
73,9864
73,9867
73,9869
73,9872
73,9875
73,9876
73,9880
73,9881
73,9884
73,9888
73,9889
73,9892
73,9894
73,9897
73,9899
73,9902
73,9905
73,9907
73,9910
73,9911
73,9915
73,9918
73,9919
73,9921
73,9922
73,9926
73,9927
73,9930
73,9934
73,9935
73,9938
73,9940
73,9943
73,9946
73,9948
73,9951
73,9953
73,9956
73,9959
73,9960
73,9964
73,9965
73,9968
73,9970
73,9973
73,9976
73,9978
73,9981
73,9983
73,9986
73,9989
73,9991
73,9994
73,9995
73,9999
73,10000
73,10003
73,10006
73,10008
73,10011
73,10013
73,10016
73,10019
73,10021
73,10024
73,10025
73,10029
73,10030
73,10033
73,10037
73,10038
73,10041
73,10043
73,10046
73,10049
73,10051
73,10054
73,10056
73,10059
73,10062
73,10064
73,10067
73,10068
73,10071
73,10073
73,10076
73,10079
73,10081
73,10084
73,10086
73,10089
73,10092
73,10094
73,10097
73,10098
73,10102
73,10103
73,10106
73,10109
73,10111
73,10113
73,10114
73,10117
73,10121
73,10122
73,10125
73,10127
73,10130
73,10132
73,10135
73,10138
73,10140
73,10143
73,10144
73,10148
73,10151
73,10152
73,10155
73,10157
73,10160
73,10162
73,10165
73,10167
73,10168
73,10171
73,10173
73,10176
73,10179
73,10181
73,10184
73,10186
73,10189
73,10192
73,10194
73,10197
73,10198
73,10201
73,10203
73,10206
73,10209
73,10211
73,10214
73,10216
73,10219
73,10222
73,10224
73,10227
73,10228
73,10232
73,10233
73,10236
73,10239
73,10240
73,10243
73,10244
73,10247
73,10251
73,10252
73,10255
73,10257
73,10260
73,10262
73,10265
73,10268
73,10270
73,10273
73,10274
73,10278
73,10281
73,10282
73,10285
73,10287
73,10290
73,10293
73,10295
73,10298
73,10300
73,10303
73,10304
73,10308
73,10311
73,10312
73,10316
73,10317
73,10320
73,10323
73,10325
73,10328
73,10330
73,10333
73,10335
73,10338
73,10341
73,10343
73,10346
73,10347
73,10350
73,10354
73,10355
73,10358
73,10360
73,10363
73,10365
73,10368
73,10371
73,10373
73,10376
73,10377
73,10381
73,10384
73,10385
73,10388
73,10390
73,10393
73,10396
73,10398
73,10401
73,10403
73,10406
73,10408
73,10411
73,10414
73,10415
73,10419
73,10420
73,10423
73,10427
73,10428
73,10431
73,10432
73,10434
73,10496
73,10499
73,10502
73,10504
73,10507
73,10509
73,10512
73,10515
73,10517
73,10520
73,10521
73,10525
73,10526
73,10529
73,10532
73,10534
73,10537
73,10539
73,10542
73,10545
73,10547
73,10550
73,10552
73,10555
73,10556
73,10559
73,10561
73,10563
73,10566
73,10567
73,10571
73,10574
73,10575
73,10578
73,10580
73,10583
73,10586
73,10588
73,10591
73,10593
73,10596
73,10597
73,10601
73,10604
73,10605
73,10609
73,10610
73,10613
73,10617
73,10618
73,10621
73,10623
73,10626
73,10628
73,10631
73,10634
73,10636
73,10639
73,10640
73,10643
73,10647
73,10648
73,10651
73,10653
73,10656
73,10658
73,10661
73,10664
73,10666
73,10669
73,10670
73,10674
73,10677
73,10678
73,10681
73,10683
73,10686
73,10689
73,10691
73,10694
73,10696
73,10699
73,10701
73,10704
73,10707
73,10708
73,10712
73,10713
73,10716
73,10720
73,10721
73,10724
73,10726
73,10729
73,10731
73,10734
73,10737
73,10739
73,10742
73,10743
73,10746
73,10750
73,10751
73,10753
73,10754
73,10758
73,10759
73,10762
73,10766
73,10767
73,10770
73,10772
73,10775
73,10778
73,10780
73,10783
73,10785
73,10788
73,10789
73,10792
73,10796
73,10797
73,10800
73,10802
73,10805
73,10808
73,10810
73,10813
73,10815
73,10818
73,10821
73,10823
73,10826
73,10827
73,10831
73,10832
73,10835
73,10838
73,10840
73,10843
73,10845
73,10848
73,10851
73,10853
73,10856
73,10857
73,10861
73,10862
73,10865
73,10869
73,10870
73,10873
73,10875
73,10878
73,10944
73,10946
73,10949
73,10951
73,10954
73,10955
73,10958
73,10962
73,10963
73,10966
73,10968
73,10971
73,10974
73,10976
73,10979
73,10981
73,10984
73,10987
73,10989
73,10992
73,10993
73,10997
73,10998
73,11001
73,11004
73,11006
73,11009
73,11010
73,11073
73,11077
73,11078
73,11081
73,11083
73,11086
73,11088
73,11091
73,11094
73,11096
73,11099
73,11100
73,11104
73,11107
73,11108
73,11111
73,11113
73,11116
73,11118
73,11121
73,11124
73,11126
73,11129
73,11130
73,11134
73,11136
73,11137
73,11140
73,11142
73,11145
73,11146
73,11149
73,11153
73,11154
73,11157
73,11159
73,11162
73,11165
73,11167
73,11170
73,11172
73,11175
73,11178
73,11180
73,11183
73,11184
73,11188
73,11189
73,11192
73,11195
73,11197
73,11200
73,11202
73,11205
73,11208
73,11210
73,11213
73,11214
73,11218
73,11219
73,11222
73,11226
73,11227
73,11229
73,11230
73,11233
73,11237
73,11238
73,11241
73,11243
73,11246
73,11248
73,11251
73,11254
73,11256
73,11259
73,11260
73,11264
73,11267
73,11268
73,11272
73,11273
73,11276
73,11279
73,11281
73,11284
73,11286
73,11289
73,11291
73,11294
73,11297
73,11298
73,11302
73,11303
73,11306
73,11310
73,11311
73,11314
73,11316
73,11319
73,11321
73,11324
73,11327
73,11328
73,11330
73,11332
73,11335
73,11338
73,11340
73,11343
73,11344
73,11348
73,11349
73,11352
73,11356
73,11357
73,11360
73,11362
73,11365
73,11368
73,11370
73,11373
73,11375
73,11378
73,11381
73,11382
73,11386
73,11387
73,11390
73,11392
73,11395
73,11398
73,11456
73,11459
73,11461
73,11464
74,1
74,2
74,4
75,0
75,2
75,3
77,1
77,3
77,5
79,1
79,2
79,5
80,1
80,2
80,4
80,5
81,1
81,3
81,6
81,8
81,9
81,11
81,12
81,15
81,17
81,18
81,21
81,22
81,25
81,26
81,30
81,32
81,33
81,36
81,37
81,39
81,42
81,44
81,47
81,49
81,52
81,55
81,56
81,60
81,61
81,63
81,64
81,68
81,71
81,72
81,75
81,77
81,80
81,83
81,85
81,88
81,90
81,93
81,94
81,98
81,101
81,128
81,131
81,132
81,135
81,137
81,138
81,141
81,143
81,146
81,147
81,151
81,154
81,155
81,158
81,159
81,162
81,164
81,165
81,167
81,168
81,171
81,174
81,193
81,196
81,198
81,201
81,202
81,206
81,209
81,210
81,214
81,215
81,218
81,259
81,260
81,263
81,265
81,268
82,0
82,3
82,5
82,6
82,8
82,9
82,11
82,13
82,14
82,17
82,18
82,20
82,21
82,23
82,25
82,26
82,28
82,29
82,31
82,33
82,34
82,36
82,37
82,39
82,40
82,42
82,44
82,45
82,47
82,48
82,50
82,52
82,53
82,55
82,56
82,58
82,60
82,61
82,63
82,64
82,66
82,67
82,69
82,71
82,128
83,0
83,1
83,3
83,5
84,0
84,2
84,3
84,5
85,0
85,3
86,2
86,4
65,99
65,128
65,107
83,7
83,8
73,7
73,53
72,70
72,78
72,87
72,16
72,34
72,11
72,21
72,39
73,320
73,94
73,81
73,132
73,67
73,33
73,141
73,119
73,89
73,37
73,97
73,124
73,114
73,102
79,4
73,84
73,111
73,106
73,71
73,76
73,136
73,127
73,144
83,6
72,30
72,9
72,24
72,81
72,5
72,0
65,118
65,102
86,5
86,1
85,1
84,4
84,1
83,4
83,2
82,129
82,70
82,68
82,65
82,62
82,59
82,57
82,54
82,51
82,49
82,46
82,43
82,41
82,38
82,35
82,32
82,30
82,27
82,24
82,22
82,19
82,15
82,12
82,10
82,7
82,4
82,1
81,266
81,262
81,257
81,217
81,212
81,207
81,204
81,199
81,195
81,173
81,170
81,166
81,163
81,160
81,157
81,152
81,149
81,144
81,140
81,136
81,133
81,130
81,99
81,96
81,91
81,87
81,82
81,79
81,74
81,69
81,66
81,62
81,58
81,53
81,50
81,45
81,41
81,38
81,34
81,31
81,28
81,23
81,20
81,16
81,14
81,10
81,7
81,4
81,0
80,3
80,0
79,3
79,0
77,2
77,0
75,1
74,3
74,0
73,11462
73,11458
73,11397
73,11394
73,11389
73,11384
73,11379
73,11376
73,11371
73,11367
73,11363
73,11359
73,11354
73,11351
73,11346
73,11341
73,11337
73,11333
73,11329
73,11325
73,11322
73,11317
73,11313
73,11308
73,11305
73,11300
73,11295
73,11292
73,11287
73,11283
73,11278
73,11275
73,11270
73,11265
73,11262
73,11257
73,11253
73,11249
73,11245
73,11240
73,11235
73,11232
73,11228
73,11224
73,11221
73,11216
73,11211
73,11207
73,11203
73,11199
73,11194
73,11191
73,11186
73,11181
73,11176
73,11173
73,11168
73,11164
73,11161
73,11156
73,11151
73,11148
73,11143
73,11138
73,11135
73,11132
73,11127
73,11123
73,11119
73,11115
73,11110
73,11105
73,11102
73,11097
73,11092
73,11089
73,11084
73,11080
73,11075
73,11072
73,11008
73,11003
73,11000
73,10995
73,10990
73,10985
73,10982
73,10978
73,10973
73,10970
73,10965
73,10960
73,10957
73,10952
73,10947
73,10880
73,10876
73,10872
73,10867
73,10864
73,10859
73,10854
73,10850
73,10846
73,10842
73,10837
73,10834
73,10829
73,10824
73,10819
73,10816
73,10811
73,10807
73,10804
73,10799
73,10794
73,10791
73,10786
73,10781
73,10777
73,10773
73,10769
73,10764
73,10761
73,10756
73,10752
73,10748
73,10745
73,10740
73,10735
73,10732
73,10727
73,10723
73,10718
73,10715
73,10710
73,10705
73,10702
73,10697
73,10693
73,10688
73,10685
73,10680
73,10675
73,10672
73,10667
73,10662
73,10659
73,10655
73,10650
73,10645
73,10642
73,10637
73,10632
73,10629
73,10624
73,10620
73,10615
73,10612
73,10607
73,10602
73,10599
73,10594
73,10590
73,10585
73,10582
73,10577
73,10572
73,10569
73,10564
73,10560
73,10558
73,10553
73,10548
73,10544
73,10540
73,10536
73,10531
73,10528
73,10523
73,10518
73,10513
73,10510
73,10506
73,10501
73,10498
73,10433
73,10430
73,10425
73,10422
73,10417
73,10412
73,10409
73,10404
73,10400
73,10395
73,10392
73,10387
73,10382
73,10379
73,10374
73,10369
73,10366
73,10362
73,10357
73,10352
73,10349
73,10344
73,10339
73,10336
73,10331
73,10327
73,10322
73,10319
73,10314
73,10309
73,10306
73,10301
73,10297
73,10292
73,10289
73,10284
73,10279
73,10276
73,10271
73,10266
73,10263
73,10259
73,10254
73,10249
73,10246
73,10241
73,10238
73,10235
73,10230
73,10225
73,10220
73,10217
73,10213
73,10208
73,10205
73,10200
73,10195
73,10190
73,10187
73,10182
73,10178
73,10174
73,10170
73,10166
73,10163
73,10159
73,10154
73,10149
73,10146
73,10141
73,10136
73,10133
73,10129
73,10124
73,10119
73,10116
73,10112
73,10108
73,10105
73,10100
73,10095
73,10090
73,10087
73,10083
73,10078
73,10075
73,10070
73,10065
73,10060
73,10057
73,10052
73,10048
73,10045
73,10040
73,10035
73,10032
73,10027
73,10022
73,10018
73,10014
73,10010
73,10005
73,10002
73,9997
73,9992
73,9987
73,9984
73,9980
73,9975
73,9972
73,9967
73,9962
73,9957
73,9954
73,9949
73,9945
73,9941
73,9937
73,9932
73,9929
73,9924
73,9920
73,9916
73,9913
73,9908
73,9903
73,9900
73,9896
73,9891
73,9886
73,9883
73,9878
73,9873
73,9870
73,9865
73,9861
73,9856
73,9853
73,9848
73,9843
73,9840
73,9835
73,9831
73,9826
73,9823
73,9818
73,9813
73,9810
73,9805
73,9800
73,9797
73,9792
73,9788
73,9783
73,9780
73,9775
73,9770
73,9767
73,9762
73,9758
73,9753
73,9750
73,9745
73,9740
73,9737
73,9732
73,9727
73,9723
73,9720
73,9715
73,9710
73,9707
73,9702
73,9697
73,9694
73,9689
73,9685
73,9680
73,9677
73,9672
73,9667
73,9664
73,9659
73,9655
73,9650
73,9647
73,9642
73,9637
73,9634
73,9629
73,9624
73,9620
73,9617
73,9612
73,9607
73,9604
73,9600
73,9596
73,9591
73,9588
73,9583
73,9578
73,9575
73,9571
73,9566
73,9563
73,9558
73,9553
73,9548
73,9545
73,9541
73,9537
73,9534
73,9529
73,9525
73,9520
73,9517
73,9512
73,9507
73,9504
73,9499
73,9494
73,9490
73,9487
73,9482
73,9477
73,9474
73,9469
73,9464
73,9461
73,9456
73,9452
73,9447
73,9444
73,9439
73,9434
73,9431
73,9426
73,9422
73,9417
73,9414
73,9409
73,9406
73,9403
73,9398
73,9393
73,9388
73,9385
73,9380
73,9376
73,9372
73,9368
73,9363
73,9360
73,9355
73,9350
73,9345
73,9342
73,9338
73,9333
73,9330
73,9325
73,9320
73,9315
73,9312
73,9307
73,9303
73,9299
73,9295
73,9290
73,9285
73,9282
73,9277
73,9273
73,9269
73,9265
73,9260
73,9255
73,9252
73,9247
73,9242
73,9239
73,9235
73,9230
73,9227
73,9222
73,9217
73,9214
73,9211
73,9206
73,9201
73,9198
73,9193
73,9189
73,9184
73,9181
73,9176
73,9171
73,9168
73,9163
73,9158
73,9154
73,9150
73,9146
73,9141
73,9138
73,9133
73,9128
73,9125
73,9120
73,9116
73,9111
73,9108
73,9103
73,9098
73,9095
73,9090
73,9087
73,9082
73,9079
73,9074
73,9070
73,9066
73,9062
73,9057
73,9052
73,9049
73,9044
73,9040
73,9036
73,9032
73,9027
73,9022
73,9019
73,9014
73,9009
73,9006
73,9001
73,8997
73,8994
73,8989
73,8984
73,8979
73,8976
73,8971
73,8967
73,8963
73,8959
73,8954
73,8949
73,8946
73,8941
73,8936
73,8933
73,8929
73,8924
73,8919
73,8916
73,8911
73,8906
73,8903
73,8898
73,8895
73,8892
73,8887
73,8883
73,8878
73,8875
73,8870
73,8865
73,8862
73,8857
73,8852
73,8848
73,8845
73,8840
73,8835
73,8832
73,8827
73,8822
73,8818
73,8814
73,8810
73,8805
73,8802
73,8797
73,8792
73,8787
73,8784
73,8780
73,8775
73,8772
73,8767
73,8762
73,8759
73,8754
73,8749
73,8745
73,8742
73,8737
73,8732
73,8729
73,8724
73,8719
73,8715
73,8711
73,8707
73,8703
73,8700
73,8696
73,8691
73,8686
73,8683
73,8678
73,8673
73,8670
73,8665
73,8661
73,8658
73,8653
73,8648
73,8643
73,8640
73,8635
73,8631
73,8627
73,8623
73,8618
73,8613
73,8610
73,8605
73,8600
73,8597
73,8593
73,8588
73,8584
73,8581
73,8577
73,8573
73,8570
73,8566
73,8561
73,8558
73,8553
73,8548
73,8543
73,8540
73,8535
73,8531
73,8528
73,8523
73,8518
73,8513
73,8510
73,8505
73,8501
73,8497
73,8493
73,8488
73,8483
73,8480
73,8475
73,8470
73,8467
73,8463
73,8458
73,8453
73,8450
73,8445
73,8440
73,8437
73,8432
73,8428
73,8424
73,8420
73,8415
73,8410
73,8407
73,8402
73,8398
73,8394
73,8390
73,8385
73,8382
73,8379
73,8374
73,8369
73,8366
73,8361
73,8356
73,8352
73,8348
73,8344
73,8339
73,8336
73,8331
73,8326
73,8321
73,8316
73,8308
73,8300
73,8296
73,8288
73,8281
73,8277
73,8269
73,8261
73,8253
73,8248
73,8240
73,8234
73,8227
73,8221
73,8213
73,8205
73,8200
73,8193
73,8185
73,8180
73,8174
73,8166
73,8158
73,8153
73,8145
73,8137
73,8132
73,8124
73,8118
73,8112
73,8105
73,8097
73,8089
73,8085
73,7936
73,7744
73,7679
73,7552
73,7484
73,7360
73,7232
73,7040
73,6848
73,6656
73,6464
73,6208
73,6016
73,5888
73,5696
73,5440
73,5184
73,4928
73,4672
73,4544
73,4352
73,4221
73,4032
73,3840
73,3648
73,3392
73,3264
73,3008
73,2816
73,2560
73,2432
73,2255
73,2250
73,2247
73,2243
73,2239
73,2234
73,2231
73,2226
73,2221
73,2218
73,2213
73,2209
73,2204
73,2201
73,2196
73,2191
73,2188
73,2183
73,2178
73,2176
73,2172
73,2167
73,2163
73,2160
73,2155
73,2150
73,2147
73,2142
73,2137
73,2133
73,2129
73,2125
73,2120
73,2117
73,2112
73,2108
73,2103
73,2100
73,2095
73,2091
73,2087
73,2083
73,2078
73,2075
73,2070
73,2065
73,2060
73,2057
73,2052
73,2048
73,2046
73,2041
73,2036
73,2032
73,2028
73,2024
73,2019
73,2016
73,2011
73,2006
73,2001
73,1998
73,1993
73,1989
73,1986
73,1981
73,1976
73,1973
73,1968
73,1964
73,1959
73,1956
73,1951
73,1946
73,1943
73,1938
73,1933
73,1929
73,1926
73,1921
73,1917
73,1913
73,1909
73,1905
73,1901
73,1898
73,1892
73,1887
73,1885
73,1879
73,1875
73,1871
73,1867
73,1863
73,1859
73,1856
73,1852
73,1847
73,1844
73,1839
73,1835
73,1830
73,1827
73,1822
73,1817
73,1814
73,1809
73,1804
73,1800
73,1796
73,1792
73,1767
73,1764
73,1759
73,1754
73,1749
73,1746
73,1741
73,1736
73,1733
73,1727
73,1723
73,1719
73,1715
73,1710
73,1705
73,1702
73,1697
73,1693
73,1689
73,1685
73,1680
73,1675
73,1672
73,1667
73,1663
73,1660
73,1655
73,1651
73,1646
73,1643
73,1638
73,1633
73,1630
73,1625
73,1620
73,1616
73,1613
73,1608
73,1603
73,1600
73,1596
73,1591
73,1588
73,1583
73,1578
73,1574
73,1570
73,1566
73,1561
73,1558
73,1553
73,1548
73,1543
73,1540
73,1536
73,1532
73,1529
73,1524
73,1520
73,1515
73,1512
73,1507
73,1502
73,1499
73,1494
73,1489
73,1486
73,1482
73,1477
73,1472
73,1469
73,1465
73,1461
73,1457
73,1453
73,1448
73,1443
73,1440
73,1435
73,1431
73,1427
73,1423
73,1418
73,1413
73,1410
73,1404
73,1400
73,1396
73,1392
73,1387
73,1382
73,1379
73,1374
73,1370
73,1366
73,1362
73,1357
73,1354
73,1349
73,1344
73,1339
73,1336
73,1331
73,1326
73,1323
73,1318
73,1314
73,1309
73,1306
73,1301
73,1296
73,1292
73,1288
73,1282
73,1278
73,1275
73,1271
73,1266
73,1263
73,1258
73,1253
73,1250
73,1245
73,1240
73,1236
73,1232
73,1228
73,1223
73,1220
73,1216
73,1211
73,1206
73,1203
73,1198
73,1194
73,1190
73,1186
73,1181
73,1176
73,1173
73,1168
73,1163
73,1160
73,1155
73,1151
73,1148
73,1143
73,1138
73,1134
73,1130
73,1126
73,1121
73,1118
73,1113
73,1108
73,1103
73,1100
73,1096
73,1091
73,1088
73,1084
73,1079
73,1074
73,1071
73,1067
73,1062
73,1059
73,1054
73,1049
73,1044
73,1041
73,1036
73,1032
73,1028
73,1024
73,1020
73,1017
73,1012
73,1007
73,1003
73,999
73,995
73,990
73,987
73,982
73,977
73,972
73,969
73,965
73,960
73,957
73,953
73,949
73,944
73,941
73,935
73,931
73,929
73,924
73,919
73,916
73,911
73,906
73,901
73,898
73,894
73,889
73,886
73,881
73,876
73,872
73,868
73,864
73,859
73,856
73,851
73,846
73,841
73,838
73,833
73,830
73,826
73,822
73,817
73,812
73,809
73,804
73,800
73,796
73,792
73,787
73,784
73,779
73,774
73,769
73,766
73,761
73,756
73,753
73,748
73,743
73,738
73,735
73,731
73,726
73,723
73,718
73,713
73,708
73,705
73,700
73,695
73,692
73,687
73,682
73,679
73,674
73,670
73,665
73,662
73,657
73,652
73,649
73,644
73,640
73,635
73,632
73,627
73,622
73,619
73,614
73,610
73,605
73,602
73,597
73,592
73,589
73,581
73,575
73,567
73,562
73,554
73,546
73,542
73,536
73,528
73,523
73,517
73,509
73,503
73,498
73,490
73,483
73,478
73,470
73,462
73,456
73,449
73,443
73,435
73,431
73,425
73,417
73,409
73,404
73,396
73,388
73,384
73,379
73,371
73,366
73,358
73,352
73,344
73,339
73,331
73,323
73,318
73,310
73,304
73,296
73,291
73,283
73,275
73,270
73,262
73,254
73,248
73,242
73,235
73,227
73,223
73,215
73,207
73,203
73,195
73,190
73,186
73,183
73,180
73,176
73,173
73,169
73,165
73,161
73,159
73,155
73,151
73,148
73,145
73,140
73,137
73,134
73,130
73,126
73,123
73,120
73,116
73,112
73,109
73,105
73,101
73,99
73,95
73,91
73,88
73,85
73,80
73,77
73,74
73,70
73,66
73,64
73,58
73,51
73,46
73,43
73,38
73,34
73,30
73,25
73,21
73,17
73,15
73,12
73,9
73,6
73,1
72,256
72,195
72,159
72,156
72,153
72,151
72,148
72,145
72,143
72,140
72,137
72,134
72,132
72,129
72,100
72,98
72,85
72,80
72,76
72,73
72,69
72,65
